fold_results:
- fold: 0
  best_f1: 0.9407471192536336
  model_path: experiments/train/20250910/20250910_1441_convnext_large_fold_1/ckpt/best_model_fold_1.pth
average_f1: 0.9407471192536336
