fold_results:
- fold: 0
  best_f1: 0.9836236657198674
  model_path: experiments/train/20250910/20250910_1213_convnext_base_384_fold_1/ckpt/best_model_fold_1.pth
average_f1: 0.9836236657198674
