fold_results:
- fold: 0
  best_f1: 0.007044734061289186
  model_path: experiments/train/20250907/swin-sighperf/ckpt/best_model_fold_1.pth
- fold: 1
  best_f1: 0.007044734061289186
  model_path: experiments/train/20250907/swin-sighperf/ckpt/best_model_fold_2.pth
- fold: 2
  best_f1: 0.007044734061289186
  model_path: experiments/train/20250907/swin-sighperf/ckpt/best_model_fold_3.pth
- fold: 3
  best_f1: 0.007044734061289186
  model_path: experiments/train/20250907/swin-sighperf/ckpt/best_model_fold_4.pth
- fold: 4
  best_f1: 0.007044734061289186
  model_path: experiments/train/20250907/swin-sighperf/ckpt/best_model_fold_5.pth
average_f1: 0.007044734061289186
