fold_results:
- fold: 0
  best_f1: 0.9791783380018674
  model_path: experiments/train/20250910/20250910_0929_convnext_base_384/ckpt/best_model_fold_1.pth
average_f1: 0.9791783380018674
