fold_results:
- fold: 0
  best_f1: 0.9374951979659805
  model_path: experiments/train/20250907/swin-sighperf_20250907_1825/ckpt/best_model_fold_1.pth
- fold: 1
  best_f1: 0.9350693992089446
  model_path: experiments/train/20250907/swin-sighperf_20250907_1825/ckpt/best_model_fold_2.pth
- fold: 2
  best_f1: 0.9414780859185451
  model_path: experiments/train/20250907/swin-sighperf_20250907_1825/ckpt/best_model_fold_3.pth
- fold: 3
  best_f1: 0.8992827284117688
  model_path: experiments/train/20250907/swin-sighperf_20250907_1825/ckpt/best_model_fold_4.pth
- fold: 4
  best_f1: 0.9187426721496812
  model_path: experiments/train/20250907/swin-sighperf_20250907_1825/ckpt/best_model_fold_5.pth
average_f1: 0.926413616730984
