fold_results:
- fold: 0
  best_f1: 0.9502196373578653
  model_path: experiments/train/20250910/20250910_1354_convnext_base_384_fold_1/ckpt/best_model_fold_1.pth
average_f1: 0.9502196373578653
