fold_results:
- fold: 0
  best_f1: 0.9705705705705706
  model_path: experiments/train/20250911/20250911_1619_convnext_base_384_fold_1/ckpt/best_model_fold_1.pth
average_f1: 0.9705705705705706
